No.    Long.         Lat.     First Demand Second Demand Fixed Cost         City         ST
 1    121.467      38.567      29,760,021     369,365      115800        Sacramento      CA
 2    73.799       42.666      17,990,455     101,082      101800          Albany        NY
 3    97.751       30.306      16,986,510     465,622       72600          Austin        TX
 4    84.281       30.457      12,937,926     124,773       72400       Tallahassee      FL
 5    76.885       40.276      11,881,643      52,376       38400        Harrisburg      PA
 6    89.645       39.781      11,430,602     105,227       59200       Springfield      IL
 7    82.987       39.989      10,847,115     632,910       66000         Columbus       OH
 8    84.554       42.709       9,295,297     127,321       48400         Lansing        MI
 9    74.764       40.223       7,730,188      88,675       71300         Trenton        NJ
 10   78.659       35.822       6,628,637     207,951       96600         Raleigh        NC
 11   84.423       33.763       6,478,216     394,017       71200         Atlanta        GA
 12   77.475       37.531       6,187,358     203,056       66600         Richmond       VA
 13   71.018       42.336       6,016,425     574,283      161400          Boston        MA
 14   86.146       39.776       5,544,159     731,327       60800       Indianapolis     IN
 15   92.190       38.572       5,117,073      35,481       61500      Jefferson City    MO
 16   89.388       43.080       4,891,769     191,262       75200         Madison        WI
 17   86.785       36.172       4,877,185     488,374       74400    Nashville-Davidson  TN
 18   122.894      47.042       4,866,692      33,840       77800         Olympia        WA
 19   76.503       38.972       4,781,468      33,187      138500        Annapolis       MD
 20   93.104       44.948       4,375,099     272,235       70900         St.Paul        MD
 21   91.126       30.449       4,219,973     219,531       67900       Baton Rouge      LA
 22   86.284       32.354       4,040,587     187,106       62200        Montgomery      AL
 23   84.865       38.191       3,685,296      25,968       61500        Frankfort       KY
 24   112.071      33.543       3,665,228     983,403       77100         Phoenix        AZ
 25   80.886       34.039       3,486,703      98,052       72600         Columbia       SC
 26   104.873      39.768       3,294,394     467,610       79000          Denver        CO
 27   72.684       41.766       3,287,116     139,739      133800         Hartford       CT
 28   97.513       35.467       3,145,585     444,719       54900      Oklahoma City     OK
 29   123.022      44.925       2,842,321     107,786       60300          Salem         OR
 30   93.617       41.577       2,776,755     193,187       49500        Des Moines      IA
 31   90.208       32.321       2,573,216     196,637       54600         Jackson        MS
 32   95.962       39.038       2,477,574     119,883       48800          Topeka        KS
 33   92.354       34.722       2,350,725     175,795       64200       Little Rock      AR
 34   81.630       38.351       1,793,477      57,287       66100        Charleston      wV
 35   111.930      40.777       1,722,850     159,936       67200      Salt Lake City    UT
 36   96.688       40.816       1,578,385     191,972       61700         Lincoln        NE
 37   105.954      35.679       1,515,069      55,859       99000         Santa Fe       NM
 38   69.730       44.331       1,227,928      21,325       79500         Augusta        ME
 39   119.743      39.148       1,201,833      40,443       99300       Carson City      NV
 40   71.560       43.232       1,109,252      36,006      112400         Concord        NH
 41   116.226      43.607       1,006,749     125,738       67700        Boise City      ID
 42   71.420       41.822       1,003,464     160,728      113000        Providence      RI
 43   112.020      46.597        799,065       24,569       63200          Helena        MT
 44   100.322      44.373        696,004       12,906       59500          Pierre        SD
 45   75.517       39.159        666,168       27,630       88700          Dover         DE
 46   100.767      46.805        638,800       49,256       67900         Bismarck       ND
 47   77.016       38.905        606,900      606,900      123900        Washington      DC
 48   72.572       44.266        562,758       8,247        94100        Montpelier      VT
 49   104.792      41.145        453,588       50,008       68700         Cheyenne       WY
